7 -1 21 -1 27 -1 21 -1 7 -2
21 -1 27 -1 21 -1 7 -1 1 -2
27 -1 21 -1 7 -1 1 -1 10 -2
21 -1 7 -1 1 -1 10 -1 29 -2
7 -1 1 -1 10 -1 29 -1 31 -2
1 -1 10 -1 29 -1 31 -1 35 -2
10 -1 29 -1 31 -1 35 -1 14 -2
29 -1 31 -1 35 -1 14 -1 3 -2
31 -1 35 -1 14 -1 3 -1 4 -2
35 -1 14 -1 3 -1 4 -1 17 -2
14 -1 3 -1 4 -1 17 -1 4 -2
3 -1 4 -1 17 -1 4 -1 3 -2
4 -1 17 -1 4 -1 3 -1 22 -2
17 -1 4 -1 3 -1 22 -1 14 -2
4 -1 3 -1 22 -1 14 -1 35 -2
3 -1 22 -1 14 -1 35 -1 10 -2
22 -1 14 -1 35 -1 10 -1 32 -2
14 -1 35 -1 10 -1 32 -1 15 -2
35 -1 10 -1 32 -1 15 -1 24 -2
10 -1 32 -1 15 -1 24 -1 7 -2
32 -1 15 -1 24 -1 7 -1 1 -2
15 -1 24 -1 7 -1 1 -1 10 -2
24 -1 7 -1 1 -1 10 -1 29 -2
7 -1 1 -1 10 -1 29 -1 10 -2